42.07068516223188, -88.29358384737446, 4.748194761538752, 1687789711.0019243, 180.0, -83.93185874965631, 196.6532745361328, 13.666593551635742, 0.0, 0.0, 0.0, 1687789711.4738932
42.07068437947508, -88.29358650033521, 4.747599192526778, 1687789712.0019288, 180.0, -87.88264239498878, 197.70062255859375, 13.656558990478516, 0.0, 0.0, 0.0, 1687789711.603754
42.07068370476467, -88.29359003939157, 4.748432321701888, 1687789713.001933, 180.0, -87.88264239498878, 195.25718688964844, 13.65583324432373, 0.0, 0.0, 0.0, 1687789711.603754
42.070677775072376, -88.2936005318317, 4.745761366827305, 1687789714.001938, 103.08348826943173, -41.192409463815366, 143.6814422607422, 13.66254711151123, -0.0055319723, 0.05693851, -0.0010907673, 1687789713.974396
42.070674311662096, -88.29360267809193, 4.745066093044018, 1687789715.0019426, 86.66314864620986, -70.6416859790373, 187.44833374023438, 13.67055606842041, -0.23856547, 0.0029621895, 0.10603367, 1687789714.975247
42.07068113126174, -88.29359527643716, 4.745204538137236, 1687789716.0019474, 180.0, -80.46985738957467, 194.2994842529297, 13.678582191467285, -1.3203404, -0.01159072, 0.8352726, 1687789715.976059
42.070671510936265, -88.29358204566998, 4.7496106592589165, 1687789717.0019517, 102.2889895802468, -79.81084158527496, 190.6560821533203, 13.685227394104004, -2.4840105, -0.075057544, 1.6017383, 1687789716.976915
42.07066331865002, -88.29356138418903, 4.747619901865137, 1687789718.0019565, 37.54767378041635, -79.10462407040133, 190.7962188720703, 13.691245079040527, -3.6910002, -0.15049003, 2.3987215, 1687789717.977703
42.07066611946696, -88.29353865189903, 4.745861690180064, 1687789719.0019615, 27.972334622261645, -79.17763073722806, 189.31082153320312, 13.697519302368164, -4.9359164, -0.16323416, 3.219991, 1687789718.985466
42.070666598253986, -88.29352348937992, 4.744089799595834, 1687789720.0019665, 28.338362643313765, -82.31251174006823, 191.8072509765625, 13.70299243927002, -6.100078, -0.17276396, 4.059095, 1687789719.979436
42.070663704449885, -88.2935081057804, 4.744561744310486, 1687789721.0019712, 30.900014851258746, -83.37229489400457, 194.09559631347656, 13.70871353149414, -7.2221274, -0.1995159, 4.9266987, 1687789720.97995
42.07066264099724, -88.29349790838616, 4.747977698328725, 1687789722.0019765, 36.63950317090799, -82.82339289415492, 197.61502075195312, 13.712383270263672, -8.381312, -0.21418016, 5.690486, 1687789721.987911
42.07066199439036, -88.29348833702026, 4.749065178974122, 1687789723.0019813, 41.9139664373613, -81.70937273652581, 195.5050048828125, 13.718560218811035, -9.521074, -0.21480569, 6.439995, 1687789722.9815621
42.07065960822118, -88.29346378411607, 4.7477159613389714, 1687789724.0019855, 26.664277803644612, -81.20811070834904, 196.30909729003906, 13.721892356872559, -10.660545, -0.22832426, 7.2637043, 1687789723.98229
42.07066025651147, -88.29344319090931, 4.747082941312201, 1687789725.001991, 27.118971727863517, -82.53962610744946, 198.86341857910156, 13.725336074829102, -11.780651, -0.2797162, 8.07547, 1687789724.98316
42.07065944523789, -88.29343083749107, 4.745778086963832, 1687789726.0019965, 30.391536072690943, -83.19982499163069, 201.44737243652344, 13.729157447814941, -12.938984, -0.32623908, 8.879748, 1687789725.983992
42.07065932718732, -88.29341837634487, 4.741096486786826, 1687789727.0020008, 33.37181376231885, -82.20477793701612, 199.0524444580078, 13.732682228088379, -14.054061, -0.38394296, 9.742017, 1687789726.9849172
42.070659673117945, -88.29341155943423, 4.741632830278247, 1687789728.002006, 42.57783256453471, -83.25939435716067, 200.42198181152344, 13.735636711120605, -15.219888, -0.4275686, 10.505284, 1687789727.985687
42.07065799809822, -88.29339073493294, 4.742443045133315, 1687789729.0020113, 31.214926679196136, -83.96377941930409, 193.7409210205078, 13.738727569580078, -16.318407, -0.45474878, 11.339776, 1687789728.986243
42.07065874629621, -88.29337617195293, 4.74394204416954, 1687789730.0020168, 34.43943741408981, -81.5702368713049, 195.71771240234375, 13.741357803344727, -17.363802, -0.469633, 12.135473, 1687789729.987197
42.070659865548045, -88.29336271187618, 4.7452477072841335, 1687789731.002022, 36.8997187347017, -81.14036708625429, 192.07595825195312, 13.743324279785156, -18.491558, -0.4797089, 12.87169, 1687789730.987949
42.070653800901866, -88.29334837370405, 4.743021047235556, 1687789732.0020266, 36.933701508663574, -81.8795915488338, 192.78860473632812, 13.74505615234375, -19.67833, -0.5184614, 13.643822, 1687789731.988771
42.07065046121737, -88.29333373455884, 4.741221544509733, 1687789733.002032, 37.02154329638215, -81.3041195355567, 193.73211669921875, 13.747167587280273, -20.796204, -0.55741817, 14.376378, 1687789732.989656
42.070645922283425, -88.2933199312797, 4.741505891806762, 1687789734.0020373, 36.64675329235634, -83.32927825299086, 194.50238037109375, 13.75011920928955, -21.926075, -0.61080337, 15.1578865, 1687789733.990514
42.07063934077871, -88.29330743606576, 4.73965725917648, 1687789735.0020423, 39.50983329393952, -84.62028331738196, 194.164794921875, 13.751976013183594, -23.192106, -0.6521067, 15.681498, 1687789734.991256
42.07063267374213, -88.29329386152573, 4.73974187131872, 1687789736.0020473, 41.97059926228585, -83.14635362042684, 193.0730743408203, 13.753766059875488, -24.117636, -0.6335112, 16.254526, 1687789735.791745
42.070631660890456, -88.29326979569252, 4.739566088985017, 1687789737.0020523, 29.215334893272782, -82.21644096929948, 195.89218139648438, 13.754910469055176, -25.43672, -0.6735158, 17.120693, 1687789736.99261
42.07063030302472, -88.29325714339225, 4.736583487135666, 1687789738.0020576, 23.65910383441107, -82.61203904475691, 196.3414306640625, 13.756272315979004, -26.537334, -0.68585736, 17.817537, 1687789737.993466
42.0706225446107, -88.29324620258097, 4.73449479876343, 1687789739.002062, 32.663147937553454, -84.19932614925449, 203.67361450195312, 13.75718879699707, -27.605705, -0.73636836, 18.436506, 1687789738.9941602
42.070625352241926, -88.29323088485792, 4.739132153525584, 1687789740.002068, 29.177519645566072, -85.0063794094516, 207.339599609375, 13.758827209472656, -28.666239, -0.7832389, 18.9429, 1687789739.99495
42.0706259897479, -88.29321606785582, 4.736635655404305, 1687789741.002074, 38.57711860649865, -81.7127754608023, 198.4370574951172, 13.760196685791016, -29.769745, -0.78561383, 19.361143, 1687789740.995932
42.07062350628726, -88.29320542903297, 4.739202643207772, 1687789742.0020785, 42.59915085956424, -82.05178602484227, 188.78567504882812, 13.760956764221191, -30.945608, -0.806556, 19.973572, 1687789741.996593
42.07062084747847, -88.29318923848875, 4.734643641270143, 1687789743.0020838, 29.01650196487285, -83.83757320481635, 184.98785400390625, 13.76231575012207, -32.01923, -0.88184536, 20.668999, 1687789742.997672
42.07062026499861, -88.2931772362682, 4.738807398442644, 1687789744.002089, 30.55006684420688, -85.54662650446426, 184.44496154785156, 13.763821601867676, -32.93214, -0.933044, 21.307838, 1687789743.9985418
42.070618657789524, -88.29316680814966, 4.740100871667442, 1687789745.0020938, 45.84802027844317, -86.53321538925921, 181.73187255859375, 13.7653226852417, -33.70181, -0.91446215, 21.85166, 1687789744.9991689
42.07061720986906, -88.29315826028547, 4.740999688007204, 1687789746.0021, 54.044111500029786, -89.98818389169742, 175.41246032714844, 13.7667236328125, -34.16872, -0.9043649, 22.268473, 1687789746.0002198
42.07061893201179, -88.29315211612642, 4.742126508667739, 1687789747.0021048, 123.0707950961207, -89.37841208706078, 179.9933624267578, 13.766674041748047, -34.18138, -0.8941355, 22.39188, 1687789747.00043
42.07062027864968, -88.29315032709852, 4.749070716588531, 1687789748.0021102, 180.0, -88.02252837536524, 182.1024932861328, 13.689416885375977, -34.18719, -0.8851361, 22.40166, 1687789748.001957
42.07062052953525, -88.29314885090399, 4.747069605011569, 1687789749.0021148, 180.0, -88.01160644333305, 183.12124633789062, 13.657007217407227, -34.18364, -0.8877108, 22.409857, 1687789749.002513
42.07062098774865, -88.29314532966194, 4.747745069122125, 1687789750.002121, 180.0, -88.32753219545604, 188.44384765625, 13.650138854980469, -34.160168, -0.8913832, 22.410646, 1687789750.0034719
42.07062101193323, -88.29314573593284, 4.747977441979137, 1687789751.0021262, 180.0, -88.33128433960825, 188.3948516845703, 13.64721965789795, -34.167492, -0.8935714, 22.40731, 1687789751.003825
42.07062101193323, -88.29314573593284, 4.749218169617871, 1687789752.0021315, 180.0, -88.85568677343025, 189.42681884765625, 13.643355369567871, -34.170094, -0.89739, 22.39215, 1687789752.004644
42.07062101193323, -88.29314573593284, 4.750491567201385, 1687789753.0021362, 180.0, -88.61914227916141, 188.42257690429688, 13.64195728302002, -34.18172, -0.90390533, 22.380148, 1687789753.005344
42.070624631009615, -88.29313811550301, 4.747149966725052, 1687789754.0021417, 180.0, -87.72992040047957, 186.3143310546875, 13.64349365234375, -34.188583, -0.8991122, 22.383915, 1687789754.006123
42.07062470243046, -88.29313814533262, 4.747985156310657, 1687789755.002147, 180.0, -86.4223770426075, 182.85865783691406, 13.642964363098145, -34.226784, -0.9035829, 22.348852, 1687789755.006876
42.07062691015175, -88.29313555603835, 4.747907777408299, 1687789756.00182, 180.0, -88.94560391957648, 189.78956604003906, 13.646383285522461, -34.154358, -0.89795464, 22.378397, 1687789756.007971
42.07062755987694, -88.29313447622943, 4.74816957864367, 1687789757.001813, 180.0, -87.65453142585194, 187.65431213378906, 13.643465042114258, -34.17235, -0.90102553, 22.37146, 1687789757.0088959
42.070627651031664, -88.29313238343407, 4.748010131673234, 1687789758.0018108, 180.0, -86.96512385355723, 188.65753173828125, 13.64269733428955, -34.165825, -0.9013929, 22.377777, 1687789758.00945
42.070627343822764, -88.29313212934076, 4.747194943892346, 1687789759.0017858, 180.0, -81.91977409720974, 240.36471557617188, 13.653305053710938, -34.215492, -0.9201424, 22.297623, 1687789759.010098
42.070626163086445, -88.2931299366552, 4.7475179696903895, 1687789760.0017614, 180.0, -83.54811134027335, 238.0352325439453, 13.665096282958984, -34.789085, -0.90116245, 21.936886, 1687789760.010999
42.07061308235108, -88.29313232915638, 4.746419187026658, 1687789761.0017483, 68.15678447921029, -82.23396683153594, 265.94232177734375, 13.676677703857422, -35.473408, -0.9284297, 21.443584, 1687789761.011845
42.07060710734579, -88.29312840229643, 4.746513320137082, 1687789762.0017169, 61.943542071527126, -81.71082089291639, 295.7885437011719, 13.686197280883789, -36.271782, -0.96352804, 20.611763, 1687789762.0125132
42.07059922793561, -88.29312408820597, 4.746085059413076, 1687789763.001688, 49.66236071335046, -81.57161353975873, 298.27398681640625, 13.695494651794434, -36.98885, -0.9404283, 19.401052, 1687789763.013118
42.07058491635833, -88.29312770284608, 4.7442745217061795, 1687789764.0016613, 36.63134773035149, -82.4614042476214, 298.4667663574219, 13.7025785446167, -37.672478, -0.926731, 18.192656, 1687789764.014055
42.07057719862987, -88.2931297883179, 4.747922895812663, 1687789765.001618, 41.57185049146873, -80.25914796491142, 320.8136901855469, 13.712170600891113, -38.2423, -0.8888249, 17.291613, 1687789765.0208979
42.07057318326784, -88.29312997904401, 4.745767778843352, 1687789766.0015755, 55.629330614851085, -76.32004782562026, 351.1040954589844, 13.719042778015137, -38.53716, -0.8714399, 16.536991, 1687789766.015547
42.07058119578419, -88.293131042459, 4.748002827297899, 1687789767.0015469, -1.0, -81.14063872758, 21.21826934814453, 13.725830078125, -38.0208, -0.81591827, 15.5755205, 1687789767.0162082
42.0705815979132, -88.29313792705528, 4.740253035256299, 1687789768.001501, 75.85624394369381, -85.59720543215337, 25.53013801574707, 13.73239517211914, -37.135864, -0.78316146, 14.805354, 1687789768.016969
42.070577756816036, -88.2931531597593, 4.7346278277964755, 1687789769.0014577, 37.54301444937273, -84.26054246897864, 1.6375961303710938, 13.737052917480469, -36.459988, -0.81391895, 14.100975, 1687789768.824026
42.0705876235418, -88.29316148057677, 4.734644767499668, 1687789770.0014272, 45.07553274666766, -83.43250886627646, 354.3099365234375, 13.743165969848633, -36.1496, -0.72150344, 13.118697, 1687789770.0184479
42.0705950515745, -88.29316418701441, 4.736159568265906, 1687789771.0013993, 75.8291549924621, -89.52457918024923, 355.60247802734375, 13.745569229125977, -36.303608, -0.575027, 12.582714, 1687789771.025868
42.07059789015429, -88.29316396271918, 4.73765377535793, 1687789772.001373, 180.0, -86.5323800069939, 350.8312683105469, 13.737751960754395, -36.55639, -0.36927786, 12.0129, 1687789772.053802
42.070599645163504, -88.29315765485629, 4.744172700758054, 1687789773.0013487, 180.0, -88.14561973464924, 307.5798645019531, 13.744087219238281, -36.74604, -0.3693829, 11.3613825, 1687789773.054195
42.07060112567806, -88.29315797210856, 4.744672356260614, 1687789774.0013266, 180.0, -81.01440461250859, 281.24835205078125, 13.737107276916504, -37.067963, -0.13574088, 10.769498, 1687789774.021531
42.07060537920109, -88.29316389917831, 4.747079930810751, 1687789775.0013044, 180.0, -80.8366646295253, 289.95001220703125, 13.744694709777832, -37.6005, -0.094798684, 10.633486, 1687789775.022196
42.07060845918356, -88.29316956927437, 4.749216953412009, 1687789776.001286, 180.0, -78.93230292658227, 323.2161560058594, 13.750307083129883, -37.68867, -0.08273339, 10.317107, 1687789776.023086
42.07060655132518, -88.29316553377868, 4.752068773617096, 1687789777.0012674, 180.0, -84.95660536054527, 330.8907775878906, 13.75346565246582, -37.73515, -0.06196689, 9.540769, 1687789777.023855
42.07060603297214, -88.29316651166849, 4.750331813543716, 1687789778.0012507, 180.0, -88.06943569648682, 321.2056884765625, 13.761063575744629, -37.544804, -0.061595734, 8.749715, 1687789778.0245461
42.07060143277168, -88.29316188290976, 4.750463070801227, 1687789779.0012348, 180.0, -88.60919357091156, 318.8180847167969, 13.767083168029785, -37.53389, -0.074168995, 8.071212, 1687789779.0333009
42.07059783204545, -88.29316209105012, 4.755772525134, 1687789780.0012195, 180.0, -84.8142343944299, 319.7186584472656, 13.777718544006348, -37.77548, -0.103862435, 7.3689537, 1687789780.026157
42.070599066578325, -88.29316695104629, 4.765867368349602, 1687789781.0012064, 180.0, -86.11418280121215, 1.0850772857666016, 13.787686347961426, -37.808292, -0.06952968, 6.816197, 1687789781.0269551
42.07060006418954, -88.29316758366944, 4.768927185167098, 1687789782.0011945, 114.88570325534114, -85.96565283227699, 327.2272033691406, 13.791146278381348, -37.286354, -0.05491537, 6.255238, 1687789781.971774
42.070605781403074, -88.29316936504854, 4.7673178696833265, 1687789783.0011823, 105.32119910476516, -84.72344452788467, 304.76641845703125, 13.793014526367188, -37.245705, -0.05468717, 5.445024, 1687789782.96181
42.070603526600735, -88.29316900341871, 4.7702875718152, 1687789784.0011718, 180.0, -87.21355637238932, 305.829345703125, 13.79636287689209, -37.660923, -0.04732752, 4.5345464, 1687789783.962669
42.07059983515974, -88.29317510799663, 4.775874219598862, 1687789785.0011625, 180.0, -85.97014427051957, 302.3592224121094, 13.804659843444824, -38.12908, -0.06497707, 3.7174587, 1687789784.976171
42.07059836747773, -88.29318227163584, 4.779716927357674, 1687789786.001153, 180.0, -84.44992280852307, 338.2232971191406, 13.811079025268555, -38.576454, -0.04366083, 3.0835507, 1687789785.997649
42.07059619830083, -88.29318736038852, 4.778964920418373, 1687789787.0011451, 180.0, -81.60005857797451, 58.97138214111328, 13.812341690063477, -38.70474, -0.03785134, 2.6955626, 1687789786.9650378
42.070597083567115, -88.29319381897193, 4.776177216821488, 1687789788.0011377, 180.0, -82.33027063645, 128.17356872558594, 13.812371253967285, -38.404686, -0.04762482, 2.5254893, 1687789787.976736
42.070593411342585, -88.29319026874806, 4.78606644131816, 1687789789.001132, 180.0, -84.44332081813558, 117.96060180664062, 13.80916690826416, -38.309372, -0.03623855, 2.6362891, 1687789788.972501
42.07058193281248, -88.293187986241, 4.77391045446836, 1687789790.0011244, 180.0, -84.44332081813558, 104.61427307128906, 13.809995651245117, -38.309372, -0.03623855, 2.6362891, 1687789788.972501
42.070575198237094, -88.29318890021908, 4.757173913302372, 1687789791.0011187, 180.0, -85.79099560647896, 33.92496109008789, 13.810552597045898, -38.309372, -0.03623855, 2.6362891, 1687789790.4733481
42.07057097855847, -88.29318601701786, 4.752448981747658, 1687789792.0011134, 180.0, -86.27479104059441, 35.228519439697266, 13.810819625854492, -38.309372, -0.03623855, 2.6362891, 1687789791.9739661
42.07057022962547, -88.29317821930069, 4.748478156963459, 1687789793.0011096, 72.97483256291488, -86.27479104059441, 46.960018157958984, 13.8023099899292, -38.309372, -0.03623855, 2.6362891, 1687789791.9739661
42.07056541814073, -88.2931831265417, 4.750822563046088, 1687789794.0011053, 164.96334968463793, -84.73678628907815, 35.693084716796875, 13.798555374145508, -38.309372, -0.03623855, 2.6362891, 1687789793.4756231
42.07055583790677, -88.29318578637509, 4.7492528784974555, 1687789795.001101, 180.0, -88.16198189051273, 22.203439712524414, 13.80492115020752, -38.309372, -0.03623855, 2.6362891, 1687789794.976804
42.07055441088355, -88.29318666656799, 4.7436862563161455, 1687789796.0010977, 180.0, -88.16198189051273, 324.17291259765625, 13.80610179901123, -38.309372, -0.03623855, 2.6362891, 1687789794.976804
42.070554283007645, -88.29319108270163, 4.751322589780585, 1687789797.0010943, 180.0, -85.16804311780662, 298.7617492675781, 13.807168960571289, -38.309372, -0.03623855, 2.6362891, 1687789796.478046
42.07055256071929, -88.29320309367337, 4.751254890863062, 1687789798.0010915, 180.0, -86.12048558152216, 302.6449890136719, 13.807600975036621, -38.309372, -0.03623855, 2.6362891, 1687789797.978975
42.07054837575191, -88.29320738584246, 4.752119649981792, 1687789799.001089, 180.0, -81.58434070081087, 302.95452880859375, 13.797191619873047, -34.90318, 0.029654078, 0.7083287, 1687789799.049834
42.070547681705804, -88.29320159334779, 4.750204114323971, 1687789800.0010872, 159.75149822136478, -75.8710682324997, 296.00750732421875, 13.758102416992188, -34.991623, 0.017305488, 0.61915874, 1687789800.041627
42.07053696179842, -88.29319251402464, 4.747117143758273, 1687789801.0010858, 53.63612633238196, -83.51414650483335, 301.2232666015625, 13.76239013671875, -35.2964, -0.020923562, 0.144197, 1687789801.042541
42.070544367428546, -88.29322895022511, 4.747531646436459, 1687789802.0010848, 38.08132129744693, -84.82848595647421, 314.8572082519531, 13.767580032348633, -35.743248, 0.05159705, -0.39035356, 1687789802.049357
42.07053683984651, -88.29323919716299, 4.746066388536144, 1687789803.001083, 35.004850401285374, -84.10658303830364, 298.094482421875, 13.772380828857422, -35.994724, 0.018926734, -0.9768463, 1687789803.044088
42.07053760392206, -88.29323141168571, 4.747493513331771, 1687789804.001083, 180.0, -83.02111112097177, 242.40762329101562, 13.77734088897705, -36.537434, 0.019422922, -1.5878407, 1687789804.053043
42.07053732817774, -88.2932421844498, 4.745064671779778, 1687789805.0010817, 180.0, -82.87175556019595, 206.4200897216797, 13.781673431396484, -37.187607, 0.030865686, -1.5643659, 1687789805.0456471
42.07052372611261, -88.29323993420557, 4.74275669133503, 1687789806.0010815, 120.025087256567, -81.97055116691061, 212.69517517089844, 13.784890174865723, -37.87762, 0.017066011, -1.3170304, 1687789806.054017
42.07051846090158, -88.29323129072965, 4.739306871164651, 1687789807.0010808, 180.0, -84.01015657232023, 239.5565185546875, 13.791946411132812, -38.498234, -0.003774624, -1.0381798, 1687789807.0472012
42.070502864875465, -88.29323461246805, 4.736848147449788, 1687789808.0010815, 53.49743547828895, 269.40208363329856, 260.5903015136719, 13.794856071472168, -38.964733, 0.012376911, -1.1700573, 1687789808.055019
42.070503458157624, -88.29324284413806, 4.734372588921962, 1687789809.0010815, 76.08303550928477, -85.13764519028686, 205.678466796875, 13.797605514526367, -39.298813, 0.010138464, -1.4107393, 1687789809.048698
42.07050161199129, -88.29322772388063, 4.734309703312562, 1687789810.0010822, 50.603755683053556, -82.47045418342113, 142.55645751953125, 13.800333976745605, -39.774757, -0.0009729519, -0.88324535, 1687789810.0583549
42.0705016592069, -88.29322986446299, 4.736242088352419, 1687789811.001082, 180.0, -88.45924507066833, 121.37815856933594, 13.802020072937012, -39.558567, 0.045909368, -0.06282656, 1687789811.050509
42.07050465055491, -88.2932273458548, 4.756132788622332, 1687789812.001083, 180.0, -87.78265292049689, 118.48990631103516, 13.807075500488281, -38.9849, 0.0067618, 0.7057381, 1687789812.0596418
42.070492461011895, -88.29320212838572, 4.813149386846635, 1687789813.0010836, 63.310554914399596, -85.16125689506876, 139.2470245361328, 13.815717697143555, -38.60214, 0.027030822, 1.3880105, 1687789813.052058
42.070504627487125, -88.29321029342621, 4.7547968894305885, 1687789814.0010843, 180.0, -83.96902445243492, 180.25315856933594, 13.824393272399902, -38.45265, 0.00861465, 1.8069167, 1687789814.052693
42.070496135080234, -88.29321198170788, 4.747116465117654, 1687789815.001086, 86.41486097271263, -88.41184489325661, 89.46688842773438, 13.828222274780273, -38.9105, 0.014915574, 2.4261332, 1687789815.061883
42.07050263362047, -88.29320730100785, 4.745983768477235, 1687789816.0010862, 180.0, -84.15110852737288, 318.0714111328125, 13.829334259033203, -38.709393, 0.038931638, 2.8133314, 1687789816.054378
42.07049715554696, -88.2932052173079, 4.748157232671788, 1687789817.0010872, 86.42470101821945, -85.9939400378279, 291.9051208496094, 13.83658504486084, -38.93657, 0.02033676, 2.3062336, 1687789817.0616379
42.070499369986926, -88.2931994284719, 4.739540899724039, 1687789818.001089, 180.0, -86.31851210934242, 297.116943359375, 13.841806411743164, -39.481834, -0.0039458964, 1.8482919, 1687789818.0559778
42.07050490955136, -88.2932038999382, 4.740199694804564, 1687789819.0010896, 180.0, -86.27907637875155, 295.20037841796875, 13.850214004516602, -39.730415, -0.01177396, 1.1235042, 1687789819.0568318
42.070506234629455, -88.2931988384124, 4.739792293836602, 1687789820.0010917, 180.0, -83.92657058002948, 296.78668212890625, 13.855680465698242, -40.19279, 0.023716856, 0.35976577, 1687789820.0652618
42.07050509652223, -88.29320025235185, 4.740289195545812, 1687789821.0010934, 180.0, -85.24222072356805, 352.6866760253906, 13.857250213623047, -40.282738, 0.021289133, 0.23084618, 1687789820.257487
42.070503986819936, -88.2932046925952, 4.74349291289145, 1687789822.001095, 180.0, -83.89863139783697, 47.30088806152344, 13.854754447937012, -40.282738, 0.021289133, 0.23084618, 1687789821.0972319
42.070507080310925, -88.29320377144889, 4.744398563226032, 1687789823.0010972, 180.0, -76.00121398698361, 120.93915557861328, 13.852032661437988, -40.282738, 0.021289133, 0.23084618, 1687789822.598263
42.07050460779392, -88.29319968117937, 4.746056334194569, 1687789824.0010982, 180.0, -76.00121398698361, 131.69442749023438, 13.849234580993652, -40.282738, 0.021289133, 0.23084618, 1687789822.598263
42.07049776497902, -88.29320102317085, 4.746962586678377, 1687789825.001101, 51.09375655635086, -66.39757918435764, 116.22750854492188, 13.85206413269043, -39.925034, -0.3070645, -0.48419, 1687789824.961709
42.070509322375194, -88.29320387323703, 4.743599248623494, 1687789826.0011022, 92.69756644607342, -63.30031626439197, 100.75524139404297, 13.85179328918457, -39.64808, -0.4666048, -0.17554253, 1687789825.970813
42.07050962779593, -88.29320148498537, 4.746387162737309, 1687789827.0011044, 165.89013684019235, -23.039503590728874, 29.680583953857422, 13.857934951782227, -39.292995, -0.38064066, 0.38227105, 1687789826.963196
42.07050322368755, -88.29320205260035, 4.746562366716022, 1687789828.0011053, 180.0, -31.099108743675448, 75.45520782470703, 13.859692573547363, -39.08496, -0.3326, 0.7111748, 1687789827.971756
42.07050200854271, -88.29319791017326, 4.746298007635723, 1687789829.0011084, 180.0, -16.91102475674405, 47.947532653808594, 13.860878944396973, -38.761192, -0.40001255, 1.2337368, 1687789828.9645162
42.07050721472991, -88.29320217871336, 4.745804052037308, 1687789830.0011096, 180.0, -19.60260986451073, 49.21809387207031, 13.862935066223145, -38.52321, -0.41760087, 1.7568578, 1687789829.973711
42.07050710310487, -88.29320247145675, 4.766775890966378, 1687789831.001113, 180.0, -17.743922164786017, 23.796733856201172, 13.863142013549805, -38.22968, -0.36584046, 1.9788486, 1687789830.7737432
42.07050416921932, -88.29319866572972, 4.755660059346655, 1687789832.0011153, 180.0, -21.442454505550284, 37.67683410644531, 13.857038497924805, -38.22968, -0.36584046, 1.9788486, 1687789832.005986
42.07050797464541, -88.2931953565217, 4.743637325953978, 1687789833.0011172, 180.0, -21.442454505550284, 26.278928756713867, 13.838397979736328, -38.22968, -0.36584046, 1.9788486, 1687789832.005986
42.07051573701647, -88.29318997030823, 4.741403169655519, 1687789834.0011196, 157.0741747403172, -10.975577394152653, 20.276296615600586, 13.836030006408691, -38.22968, -0.36584046, 1.9788486, 1687789833.508257
42.07051954507201, -88.29319010415418, 4.739649063899515, 1687789835.0011215, 131.60053084389335, -24.04528406942843, 5.885660648345947, 13.812533378601074, -38.22968, -0.36584046, 1.9788486, 1687789835.008817
42.07051728358149, -88.29318669117934, 4.739214719988113, 1687789836.0011237, 180.0, -24.04528406942843, 308.8833923339844, 13.80360221862793, -38.22968, -0.36584046, 1.9788486, 1687789835.008817
42.07051619696633, -88.29318447075842, 4.741813705233596, 1687789837.0011263, 180.0, -24.29345831037475, 326.80718994140625, 13.782743453979492, -38.22968, -0.36584046, 1.9788486, 1687789836.509725
42.07052154955819, -88.29318628933608, 4.743662101606879, 1687789838.0011282, 180.0, -27.785547294671193, 322.8026123046875, 13.771132469177246, -38.22968, -0.36584046, 1.9788486, 1687789838.0116
42.070520359402416, -88.29318907891015, 4.745435167242818, 1687789839.0011306, 180.0, -27.785547294671193, 296.70745849609375, 13.755151748657227, -38.22968, -0.36584046, 1.9788486, 1687789838.0116
42.070520665681904, -88.29319184407038, 4.7440887344125375, 1687789840.001133, 180.0, -24.523963765604382, 319.8309326171875, 13.747730255126953, -38.22968, -0.36584046, 1.9788486, 1687789839.5128598
42.07052806512233, -88.29319731133836, 4.739510260184638, 1687789841.0011358, 180.0, -23.71070662183575, 302.1372985839844, 13.744280815124512, -38.22968, -0.36584046, 1.9788486, 1687789841.012789
42.07052947157309, -88.29320077945036, 4.73642333760403, 1687789842.0011382, 180.0, -23.71070662183575, 263.6783142089844, 13.749110221862793, -38.22968, -0.36584046, 1.9788486, 1687789841.012789
42.070531660119734, -88.29320657330202, 4.739002023662203, 1687789843.0011404, 136.21918333349907, -21.72213138957, 226.89300537109375, 13.742402076721191, -38.22968, -0.36584046, 1.9788486, 1687789842.514183
42.07052815236632, -88.29320468293699, 4.739503222744488, 1687789844.001143, 180.0, -34.87515784694576, 249.60198974609375, 13.739988327026367, -38.22968, -0.36584046, 1.9788486, 1687789844.0154061
42.070525283762265, -88.29321286730828, 4.737489420827673, 1687789845.0011454, 180.0, -34.87515784694576, 227.7099151611328, 13.736669540405273, -38.22968, -0.36584046, 1.9788486, 1687789844.0154061
42.07052088532041, -88.29321446154725, 4.734800577402876, 1687789846.0011482, 180.0, -33.833580477542874, 210.87918090820312, 13.740560531616211, -38.22968, -0.36584046, 1.9788486, 1687789845.516749
42.070522332144805, -88.2932213107442, 4.734298339683423, 1687789847.0011516, 180.0, -39.65273128406006, 243.56695556640625, 13.742892265319824, -38.22968, -0.36584046, 1.9788486, 1687789847.017161
42.070515072178, -88.29321391426693, 4.734131549964853, 1687789848.0011528, 74.02857108544188, -39.65273128406006, 298.060546875, 13.742318153381348, -38.22968, -0.36584046, 1.9788486, 1687789847.017161
42.07051871815563, -88.29321893792329, 4.7368048887426095, 1687789849.0011551, 180.0, -72.40698031378632, 298.5257873535156, 13.749062538146973, -38.22968, -0.36584046, 1.9788486, 1687789848.518682
42.0705173767855, -88.29322047120766, 4.738350957052557, 1687789850.0011582, 100.7831935247262, -79.20490543557935, 358.5230712890625, 13.753273010253906, -38.22968, -0.36584046, 1.9788486, 1687789850.020337
42.07052228975961, -88.29322555879419, 4.734762796612861, 1687789851.001161, 180.0, -17.262439091581015, 202.97659301757812, 13.745579719543457, -36.2035, -0.12729767, -0.5201521, 1687789850.915063
42.070518786512615, -88.29322723989569, 4.736345250139145, 1687789852.0011637, 180.0, -19.52429649110157, 233.88746643066406, 13.747295379638672, -36.026814, -0.19047162, -1.0781025, 1687789851.891438
42.07051374893728, -88.29322752905149, 4.737853127559446, 1687789853.0011656, 140.96478044886936, -35.20893455970565, 226.69740295410156, 13.74865436553955, -36.379597, -0.13230234, -1.2343472, 1687789852.91651
42.07051615644105, -88.29323195111375, 4.738930335339049, 1687789854.001169, 180.0, -36.46083469123912, 229.88998413085938, 13.741716384887695, -36.631824, -0.14498258, -1.518507, 1687789853.930099
42.07051303313277, -88.29323159763051, 4.738768585712567, 1687789855.0011709, 180.0, -67.04333932548816, 209.2503662109375, 13.748860359191895, -36.658344, -0.2611611, -1.793911, 1687789854.88463
42.07050257319383, -88.29322692122591, 4.74139911207994, 1687789856.0011742, 117.99581761203372, -40.64666586538126, 187.5025634765625, 13.740423202514648, -37.125668, -0.097482786, -1.7471232, 1687789856.03131
42.070498915427926, -88.29321887607368, 4.740360501565397, 1687789857.0011759, 72.37780132328677, -45.348479668020545, 182.05935668945312, 13.734848022460938, -37.453655, -0.08430669, -1.5452013, 1687789857.053153
42.07049738546688, -88.293223538749, 4.736072341051726, 1687789858.0011802, 180.0, -43.99777844500075, 188.47288513183594, 13.733859062194824, -37.71196, -0.09171366, -1.3943108, 1687789858.020464
42.07049602744494, -88.2932308451236, 4.739228542037837, 1687789859.0011816, 180.0, -66.82716418694807, 208.79405212402344, 13.733391761779785, -38.06932, -0.15333548, -1.3247706, 1687789859.0212579
42.070494937228545, -88.29322930722014, 4.741852428284439, 1687789860.001185, 180.0, -51.026493460251004, 174.77857971191406, 13.735270500183105, -38.2788, -0.23896879, -1.1800917, 1687789860.022028
42.07049244870086, -88.29323146049595, 4.743820629714939, 1687789861.001187, 180.0, -33.38504763376849, 217.2718048095703, 13.734710693359375, -38.577065, -0.19810727, -1.1701062, 1687789861.062714
42.070493386214416, -88.29323169367471, 4.740421457818033, 1687789862.0011907, 180.0, -41.76538279368786, 232.20089721679688, 13.733548164367676, -38.889618, -0.14270797, -1.2542745, 1687789862.057331
42.0704972014211, -88.29323381803985, 4.736133150959452, 1687789863.0011926, 180.0, -41.071292618355535, 216.3849334716797, 13.738829612731934, -38.951805, -0.20964411, -1.3375206, 1687789863.024499
42.070493608025664, -88.29323617955261, 4.73924117242658, 1687789864.001195, 180.0, -38.20509481253285, 181.08670043945312, 13.736739158630371, -39.62898, -0.19459432, -1.2524291, 1687789864.067157
42.07049250609889, -88.2932272108344, 4.740522383405348, 1687789865.0011985, 87.71746211887587, -20.2525568888814, 166.9851531982422, 13.735105514526367, -40.053333, -0.21518788, -1.3198621, 1687789865.036333
42.07049136499846, -88.29322384781034, 4.736160494257316, 1687789866.0012014, 163.38003049141085, -20.002011533635212, 203.155029296875, 13.737101554870605, -40.407345, -0.20174545, -1.2283655, 1687789866.060511
42.070488014223024, -88.29322913633388, 4.728870275786389, 1687789867.0012045, 180.0, -19.471457218661246, 244.4923095703125, 13.739948272705078, -40.61645, -0.17184925, -1.3405198, 1687789867.027535
42.07048882381388, -88.2932340366316, 4.7290884453468855, 1687789868.001207, 180.0, -16.709437679085067, 288.794189453125, 13.744339942932129, -40.668198, -0.1754875, -1.6667217, 1687789868.028259
42.070487765859994, -88.29322905995159, 4.730941013818542, 1687789869.0012093, 180.0, -18.760376587172928, 321.8612060546875, 13.74870491027832, -40.418056, -0.16154596, -1.9226863, 1687789869.039911
42.070485137932785, -88.29323109138963, 4.731863145700503, 1687789870.0012121, 180.0, -23.63305591172718, 332.3782653808594, 13.751750946044922, -39.901493, -0.14767148, -2.1001072, 1687789870.0634751
42.07048677385307, -88.29323099857612, 4.7373039066058125, 1687789871.0012145, 180.0, -14.419566413254147, 308.896728515625, 13.749161720275879, -39.341, -0.14594148, -2.3107324, 1687789871.064242
42.070489942864235, -88.2932293249708, 4.737352455100283, 1687789872.0012171, 180.0, -15.978039221480449, 299.8845520019531, 13.748017311096191, -39.253197, -0.1031414, -2.3964062, 1687789871.241879
42.07048592180196, -88.29322494234354, 4.736437208617579, 1687789873.0012212, 180.0, -16.802382823269507, 275.85498046875, 13.745989799499512, -39.253197, -0.1031414, -2.3964062, 1687789872.487927
42.07048370463768, -88.29321897906013, 4.73782976830176, 1687789874.001223, 106.53913159895782, -23.159121889532297, 303.376708984375, 13.742521286010742, -39.253197, -0.1031414, -2.3964062, 1687789873.988359
42.07048427079763, -88.29321087012555, 4.735174846204966, 1687789875.0012257, 62.81384057975353, -40.365467196610794, 324.7874450683594, 13.733824729919434, -38.42379, -0.1471685, -2.9275007, 1687789874.976231
42.07048486189254, -88.29321506895829, 4.73577890101203, 1687789876.0012283, 180.0, -43.30626258136179, 330.4555969238281, 13.717803001403809, -38.392822, -0.14470719, -2.9576612, 1687789875.968017
42.07048486189254, -88.29321506895829, 4.740057994862504, 1687789877.0012321, 180.0, -26.117217164148798, 313.40606689453125, 13.7158842086792, -38.189087, -0.090453036, -3.1222641, 1687789876.948544
42.070479369723216, -88.29321184450636, 4.734620274102386, 1687789878.0012345, 180.0, -17.730052544309395, 293.6319580078125, 13.720206260681152, -37.70642, -0.13783565, -3.2960854, 1687789877.936215
42.070477520846396, -88.29321143093225, 4.7368454251678775, 1687789879.0012374, 180.0, -52.273206511891104, 287.43768310546875, 13.723846435546875, -37.33234, -0.19617265, -3.5101173, 1687789878.9486032
42.07047495731036, -88.29320837019363, 4.740989723219613, 1687789880.0012405, 134.99609356038468, -52.82584766551695, 243.0845489501953, 13.717204093933105, -37.454834, -0.17872556, -3.5247445, 1687789879.937758
42.070473336880454, -88.29321746828258, 4.743714719458279, 1687789881.001243, 180.0, -31.531751895241896, 213.5103302001953, 13.71846866607666, -37.91365, -0.014329208, -3.909678, 1687789880.950708
42.07047072421253, -88.29321509185903, 4.737198047514515, 1687789881.9995809, 180.0, -23.313595807177276, 203.81369018554688, 13.718859672546387, -38.261757, -0.049839832, -4.1222334, 1687789881.939225
42.07046623648432, -88.29321445056613, 4.738873988280448, 1687789882.999557, 119.07945983910204, -22.994168504663392, 189.5449676513672, 13.721792221069336, -38.749104, -0.04629301, -4.151085, 1687789882.939996
42.07046361730123, -88.29321458168421, 4.741502758784243, 1687789883.9995584, 146.59329425496605, -30.41297053032414, 234.14996337890625, 13.72343921661377, -39.10558, -0.006235618, -4.501216, 1687789883.981956
42.07045616594968, -88.29322614252905, 4.7386027119609, 1687789884.999538, 96.27956243342788, -34.26722815502862, 276.9541015625, 13.721651077270508, -39.376965, -0.03450241, -4.875985, 1687789884.952907
42.07045812818611, -88.29322586246364, 4.738927217415001, 1687789885.999516, 180.0, -25.555327541750426, 302.0989685058594, 13.721048355102539, -39.375725, -0.04470844, -5.311578, 1687789885.685347
42.07045695498238, -88.29322509473148, 4.738714932413714, 1687789886.9995232, 180.0, -36.656729535892346, 283.6972351074219, 13.721538543701172, -39.295902, -0.0034112579, -5.648469, 1687789886.643168
42.07045755757436, -88.29322967822424, 4.73279651496144, 1687789887.999509, 173.1843477085151, -42.32306726992264, 304.4688720703125, 13.717811584472656, -38.87603, -0.05117468, -5.933751, 1687789887.9778218
42.070459281328944, -88.29323046792209, 4.7364355889500755, 1687789888.9994946, 174.8573982800482, -68.81484118337626, 319.37725830078125, 13.712693214416504, -38.843857, -0.049811725, -6.1024666, 1687789888.94479
42.07046115750145, -88.29322769313977, 4.731009559354245, 1687789889.999509, 180.0, -70.39792582414046, 238.139404296875, 13.728785514831543, -38.61343, -0.17164725, -6.5322175, 1687789889.979099
42.070463078982854, -88.29322026761395, 4.746296551915939, 1687789890.9995024, 180.0, -36.52957010482228, 162.45083618164062, 13.726119995117188, -38.917477, -0.10558301, -6.407443, 1687789890.95625
42.070469283486965, -88.2932166153689, 4.740048785642962, 1687789891.999494, 180.0, -15.944308287462706, 116.91455078125, 13.73154067993164, -39.520496, -0.046256147, -6.4026036, 1687789891.980454
42.07046618773011, -88.29321811837522, 4.738194203198864, 1687789892.999512, 180.0, -25.616561432029883, 159.1383514404297, 13.732970237731934, -39.861015, 0.01615944, -6.1439095, 1687789892.9593391
42.07045702631458, -88.29322482278825, 4.741424043344431, 1687789893.999498, 61.065379427504716, -20.055035485572546, 141.13510131835938, 13.733992576599121, -40.373646, -0.061235197, -6.028939, 1687789893.982377
42.07046584562782, -88.29319248475235, 4.741010141360543, 1687789894.9994855, 32.41846566332212, -28.399379551154176, 149.851318359375, 13.731659889221191, -40.59205, -0.101626664, -5.7911234, 1687789894.991504
42.070459096572094, -88.29320723093788, 4.742380245661479, 1687789895.9995034, 180.0, -62.16330431597501, 194.44314575195312, 13.736710548400879, -40.23009, -0.16954072, -5.677429, 1687789895.9840078
42.07045499986203, -88.29320381797737, 4.745580142024486, 1687789896.9995263, 180.0, -31.451302789924913, 121.3673095703125, 13.728532791137695, -40.46495, -0.023877697, -5.187228, 1687789896.990722
42.07045224783814, -88.29320963487984, 4.739651801375547, 1687789897.9995475, 180.0, -21.355682496330385, 98.33739471435547, 13.727228164672852, -40.821873, -0.0769023, -4.8123617, 1687789897.963809
42.070455824012186, -88.29320240120555, 4.741954785124342, 1687789898.999568, 83.88545434471592, -21.355682496330385, 93.33102416992188, 13.729427337646484, -40.821873, -0.0769023, -4.8123617, 1687789897.963809
42.07044967079047, -88.29320881156468, 4.741892539401781, 1687789899.9995875, 180.0, -17.836520361352576, 108.62532806396484, 13.730133056640625, -40.821873, -0.0769023, -4.8123617, 1687789899.158618
42.07045033517854, -88.29320663375884, 4.739911131968674, 1687789900.9996066, -1.0, -69.81370682959752, 126.58003234863281, 13.738470077514648, -40.821873, -0.0769023, -4.8123617, 1687789900.659615
42.07045373053532, -88.29319905461301, 4.738207555227247, 1687789901.9996233, 70.31196615422716, 268.79230215940373, 131.4036865234375, 13.736408233642578, -41.297806, -0.30030015, -4.1082406, 1687789901.8887029
42.07045222949219, -88.29320417368659, 4.738786320330874, 1687789902.9996395, 180.0, 267.61011288824136, 131.3917999267578, 13.7105131149292, -41.300335, -0.30078086, -4.1114287, 1687789902.889454
42.07045295836587, -88.29320377900716, 4.745077514168544, 1687789903.9996552, 180.0, 267.93762801771265, 131.3917999267578, 13.7105131149292, -41.301857, -0.30172998, -4.115267, 1687789903.8902159
42.07045295836587, -88.29320377900716, 4.753266783848471, 1687789904.9996703, 180.0, -89.90624283172613, 123.71337127685547, 13.703063011169434, -41.299606, -0.3066301, -4.112949, 1687789904.890878
42.070448058489184, -88.29320486996653, 4.762176090774117, 1687789905.9996843, 180.0, 267.175778833751, 128.225830078125, 13.704941749572754, -41.297974, -0.30300063, -4.1113214, 1687789905.891609
42.070456466972644, -88.29319427606866, 4.752429785481293, 1687789906.9996986, 180.0, 267.23993829172707, 129.27249145507812, 13.702153205871582, -41.30936, -0.3173623, -4.113905, 1687789906.892523
42.07045527274419, -88.29319631289312, 4.74991377498192, 1687789907.999711, 180.0, 268.4173146111252, 129.28118896484375, 13.696048736572266, -41.31048, -0.31403866, -4.117372, 1687789907.8935351
42.07045527274419, -88.29319631289312, 4.743865684693576, 1687789908.9997234, 180.0, 268.39226811867456, 129.28118896484375, 13.696048736572266, -41.311043, -0.3136068, -4.1159186, 1687789908.894185
42.07045527274419, -88.29319631289312, 4.746810540269336, 1687789909.999736, 180.0, 268.4341839212349, 129.28118896484375, 13.696048736572266, -41.31545, -0.31498998, -4.118648, 1687789909.894952
42.07045527274419, -88.29319631289312, 4.746771292751895, 1687789910.9997478, 180.0, 269.3707608912102, 128.2631378173828, 13.691739082336426, -41.312786, -0.31196308, -4.117926, 1687789910.895753
42.07045527274419, -88.29319631289312, 4.747280811402453, 1687789911.9997578, 180.0, 268.9294750193742, 128.2631378173828, 13.691739082336426, -41.31288, -0.3157028, -4.1198936, 1687789911.896595
42.07045527274419, -88.29319631289312, 4.746973063413991, 1687789912.9997694, 180.0, 268.88596511840683, 129.2659912109375, 13.691019058227539, -41.315685, -0.3181466, -4.120555, 1687789912.897509
42.07045527274419, -88.29319631289312, 4.746867053982586, 1687789913.9997792, 180.0, 268.8135712843002, 129.2659912109375, 13.691019058227539, -41.319466, -0.31943405, -4.121914, 1687789913.898332
42.07045527274419, -88.29319631289312, 4.7453624307160185, 1687789914.9997897, 180.0, 269.1636574720799, 129.2659912109375, 13.691019058227539, -41.32294, -0.32002035, -4.1232157, 1687789914.865556
42.07045527274419, -88.29319631289312, 4.7433926349926905, 1687789915.9997988, 180.0, -89.48009032958167, 128.256103515625, 13.690014839172363, -41.319923, -0.3128895, -4.1203537, 1687789915.899857
42.07045527274419, -88.29319631289312, 4.742901518157822, 1687789916.9998088, 180.0, 269.9736019447589, 128.256103515625, 13.690014839172363, -41.322403, -0.31842077, -4.1212816, 1687789916.900722
42.07045527274419, -88.29319631289312, 4.743198685878811, 1687789917.999817, 180.0, -89.84504032198873, 128.256103515625, 13.690014839172363, -41.323452, -0.3185178, -4.121679, 1687789917.867744
42.07045527274419, -88.29319631289312, 4.741038439283855, 1687789918.999826, 180.0, -89.86873137629077, 128.256103515625, 13.690014839172363, -41.320717, -0.3157787, -4.1210656, 1687789918.868432
42.07045527274419, -88.29319631289312, 4.740821531478343, 1687789919.9998336, 180.0, 269.8283809925611, 128.256103515625, 13.690014839172363, -41.322655, -0.31865585, -4.12315, 1687789919.90315
42.07045527274419, -88.29319631289312, 4.739976082195524, 1687789920.9998417, 180.0, 269.685304214941, 128.256103515625, 13.690014839172363, -41.32343, -0.3197274, -4.1236715, 1687789921.070534
42.07045527274419, -88.29319631289312, 4.740157591395402, 1687789921.9998493, 180.0, 269.72195197838676, 128.256103515625, 13.690014839172363, -41.324272, -0.32041964, -4.1241117, 1687789921.904659
42.07045527274419, -88.29319631289312, 4.739908522184291, 1687789922.999857, 180.0, -89.8432102224895, 128.256103515625, 13.690014839172363, -41.32292, -0.31836596, -4.124536, 1687789922.905418
42.07045527274419, -88.29319631289312, 4.738743161569114, 1687789923.999864, 180.0, -84.62738455265152, 117.06978607177734, 13.696002960205078, -41.32378, -0.31653598, -4.1204486, 1687789923.9059691
42.07047304498075, -88.2931835034581, 4.738410413470792, 1687789924.9998708, 180.0, -34.81056017005637, 34.14794921875, 13.711085319519043, -41.05457, -0.08863088, -3.8556812, 1687789924.9071379
42.07047312099329, -88.29318163013009, 4.734597350447512, 1687789925.999878, 180.0, -40.85830857674406, 23.384309768676758, 13.724093437194824, -40.8185, -0.03605622, -3.6202023, 1687789925.917249
42.070469124384964, -88.2931839039582, 4.734902468237659, 1687789926.9998846, 180.0, -78.85314455931768, 69.57649230957031, 13.743756294250488, -41.20326, -0.2222759, -3.633458, 1687789926.908509
42.070465629131, -88.29318549542165, 4.734859467858335, 1687789927.9998913, 180.0, 269.9460455685227, 86.49378204345703, 13.727458953857422, -41.247967, -0.27295995, -3.653431, 1687789927.909441
42.07046407829642, -88.2931869141939, 4.7388823143508825, 1687789928.9998984, 180.0, -89.82928216285383, 91.78129577636719, 13.709571838378906, -41.2438, -0.27791598, -3.6562173, 1687789928.910074
42.07046407829642, -88.2931869141939, 4.740077096266751, 1687789929.9999042, 180.0, -82.59285737067157, 77.33917999267578, 13.709586143493652, -41.242878, -0.27324232, -3.6531398, 1687789929.87741
42.07045939911006, -88.29319098373894, 4.74638554163746, 1687789930.9999099, 180.0, -37.71037095740984, 18.591228485107422, 13.72857666015625, -40.891266, -0.07685595, -3.6007395, 1687789930.8782969
42.07045861679907, -88.29319367795891, 4.744781801046874, 1687789931.9999154, 180.0, -60.786525610471244, 41.4699821472168, 13.743780136108398, -40.932068, -0.11748645, -3.5591576, 1687789931.912689
42.07046316994892, -88.29319374321273, 4.739063070156638, 1687789932.999922, 180.0, 265.63628116662085, 68.24356842041016, 13.761434555053711, -41.166656, -0.2758677, -3.590636, 1687789932.9228091
42.07046263326061, -88.29319755255233, 4.739445006674475, 1687789933.9999285, 180.0, 264.3024831791713, 75.76954650878906, 13.732163429260254, -41.173573, -0.3053516, -3.5980768, 1687789933.914264
42.070462713503986, -88.29319826524943, 4.7403142401147145, 1687789934.9999347, 180.0, 263.47680237388704, 80.07254791259766, 13.718352317810059, -41.17902, -0.30882558, -3.6028757, 1687789934.914804
42.070462713503986, -88.29319826524943, 4.741565031266122, 1687789935.9999402, 180.0, 263.0280557250354, 82.1128921508789, 13.713139533996582, -41.181744, -0.30969262, -3.6076238, 1687789935.915895
42.070462713503986, -88.29319826524943, 4.7428841197485205, 1687789936.9999442, 180.0, 263.4068208758705, 82.1128921508789, 13.713139533996582, -41.18094, -0.3100378, -3.610056, 1687789936.916601
42.070462713503986, -88.29319826524943, 4.744153344097574, 1687789937.9999495, 180.0, 263.17673706672554, 83.14697265625, 13.70536994934082, -41.181156, -0.30797935, -3.61722, 1687789937.917433
42.070462713503986, -88.29319826524943, 4.744396399401478, 1687789938.9999557, 180.0, 263.56996822247794, 83.14697265625, 13.70536994934082, -41.18003, -0.3090051, -3.6199713, 1687789938.917973
42.070462713503986, -88.29319826524943, 4.744718150129112, 1687789939.99996, 180.0, -60.689098323990265, 48.1154899597168, 13.717848777770996, -41.11311, -0.21700701, -3.606808, 1687789939.885386
42.0704685614066, -88.29320177853491, 4.744201029107867, 1687789940.9999657, 180.0, -26.183196726663382, 21.23115348815918, 13.739082336425781, -40.523895, -0.054671586, -3.2700698, 1687789941.052978
42.07047245452846, -88.29320267042023, 4.744721646221553, 1687789941.9999702, 180.0, -22.292911862486125, 348.44781494140625, 13.755340576171875, -40.084343, -0.039549485, -3.0389798, 1687789942.0624418
42.070474999051115, -88.29319861095088, 4.745616794184685, 1687789942.9999757, 180.0, -33.89759471745803, 343.7815246582031, 13.765746116638184, -39.739445, 0.0026581134, -2.979996, 1687789942.821224
42.07047447042164, -88.2932020573785, 4.744037209415549, 1687789943.9999807, 180.0, -26.069760246791322, 327.3255920410156, 13.77382755279541, -39.08989, 0.02215368, -2.9644616, 1687789944.06391
42.070474501561385, -88.29320119099907, 4.743108157062863, 1687789944.999986, 180.0, -29.208987382695007, 318.6308288574219, 13.782506942749023, -38.61375, 0.045316838, -3.079197, 1687789945.0563731
42.07047409446267, -88.29320123614804, 4.743017169458313, 1687789945.999991, 180.0, -31.216484127651952, 311.95062255859375, 13.78765869140625, -38.17194, 0.054638904, -3.4107463, 1687789946.065285
42.07047796276605, -88.29320022481957, 4.7422223237460255, 1687789946.9999952, 180.0, -25.10944600819523, 305.08697509765625, 13.792059898376465, -37.868626, 0.045392457, -3.471474, 1687789947.0578241
42.0704756612972, -88.29320783107615, 4.73962108365182, 1687789948.0000005, 180.0, -35.87336293812121, 308.7532043457031, 13.793728828430176, -37.868626, 0.045392457, -3.471474, 1687789947.7472758
42.070473361331025, -88.29320745343574, 4.741163614451442, 1687789949.0000045, 180.0, -46.15084035459907, 260.0975341796875, 13.796119689941406, -37.67796, -0.025252383, -3.669731, 1687789948.905236
42.07047224853726, -88.29320660960153, 4.74636601224689, 1687789950.0000088, 180.0, -32.017653185779075, 219.4835968017578, 13.792757034301758, -37.91007, 0.05265025, -4.0454993, 1687789949.893389
42.07046817514237, -88.29320681898629, 4.742265926948546, 1687789951.0000134, 180.0, -28.115166662885052, 202.3115997314453, 13.790641784667969, -38.104263, 0.060084652, -4.0911074, 1687789950.894143
42.070462681590726, -88.29321409608018, 4.742052647986523, 1687789952.0000181, 180.0, -24.23191566769697, 179.54159545898438, 13.790562629699707, -38.50769, 0.066855095, -4.2752285, 1687789951.935505
42.07046573418955, -88.29321362930418, 4.740555909379661, 1687789953.0000231, 180.0, -30.286570163379523, 223.29762268066406, 13.776653289794922, -38.74657, 0.092952356, -4.345925, 1687789952.929069
42.07046033485349, -88.29321852888886, 4.740549242565319, 1687789954.0000281, 180.0, -27.977356021837146, 213.62158203125, 13.763452529907227, -39.006268, 0.08199419, -4.4883857, 1687789953.907073
42.07045735709124, -88.29321928377368, 4.742326057963856, 1687789955.0000324, 180.0, -30.982596452719257, 245.0330047607422, 13.751517295837402, -39.130363, 0.10876909, -4.6891866, 1687789954.930898
42.070460023728735, -88.29322390377841, 4.737227412390959, 1687789956.0000358, 176.0763556142988, -28.674616591571905, 261.8744812011719, 13.742538452148438, -39.258053, 0.103969276, -4.9625673, 1687789955.93153
42.07045789083504, -88.2932270215324, 4.736718435120039, 1687789957.000041, 180.0, -22.77743381136726, 290.033935546875, 13.736215591430664, -39.158897, 0.11794715, -5.2270575, 1687789956.932262
42.07045333462491, -88.29322743663232, 4.7379561148257086, 1687789958.0000453, 180.0, -51.22793621288524, 328.7367248535156, 15.565439224243164, -39.333523, 0.053084202, -5.518765, 1687789957.9332051
42.07046397968038, -88.29322686264778, 4.738453357433339, 1687789959.0000498, 82.24591376108988, -43.76586424140266, 311.9815673828125, 15.554400444030762, -39.323006, 0.03943971, -5.296023, 1687789958.9405332
42.0704583434668, -88.29322287283375, 4.737789656654993, 1687789960.000054, 180.0, -29.935400823269177, 317.05255126953125, 15.561392784118652, -38.905365, 0.09966916, -5.4003615, 1687789959.9346209
42.07045879054849, -88.29321587275835, 4.7382502881402, 1687789961.0000587, 180.0, -39.69498591954382, 313.8481140136719, 15.568890571594238, -38.47868, 0.12979156, -5.2641997, 1687789960.935329
42.07045815376277, -88.29321715205782, 4.7376832597261815, 1687789962.0000625, 180.0, -75.29545140552746, 289.07342529296875, 15.581205368041992, -38.64361, 0.11072222, -6.130651, 1687789961.936048
42.07046645776246, -88.29321943837815, 4.735007638226259, 1687789963.0000677, 82.53737114235412, -73.42469835198014, 252.6383056640625, 15.59817123413086, -38.54649, -0.004520187, -6.343136, 1687789962.943651
42.07046521791583, -88.293208112011, 4.735028720966367, 1687789964.0000715, 57.99944381290898, -45.40971227079719, 178.63426208496094, 15.599187850952148, -39.235188, 0.19544949, -6.2370453, 1687789963.937868
42.0704611596178, -88.29320885807704, 4.742507140210057, 1687789965.0000758, 180.0, -23.49650518549317, 135.38893127441406, 15.609842300415039, -39.880306, 0.073399976, -6.4035053, 1687789964.9479961
42.07046136051028, -88.29320294402298, 4.738538182504036, 1687789966.0000806, 145.75765779101243, -29.16349805561048, 129.5567169189453, 15.616531372070312, -40.109795, 0.14031763, -6.1186666, 1687789965.906021
42.070461333230796, -88.29320325365427, 4.740347864873862, 1687789967.0000846, 180.0, -34.28779108837316, 148.7020721435547, 15.622478485107422, -40.36111, 0.09705686, -5.8633113, 1687789966.9401789
42.070459249865124, -88.29320415923915, 4.7434934766260275, 1687789968.0000885, 180.0, -53.82880630109535, 165.5231475830078, 15.634039878845215, -40.22434, -0.04280143, -5.8529596, 1687789967.9200969
42.070457809367426, -88.293198646846, 4.77796180644786, 1687789969.0000932, 180.0, -26.515509051269074, 88.11348724365234, 15.629600524902344, -40.316143, 0.035735816, -5.5660925, 1687789968.908142
42.07046147458501, -88.29319889062126, 4.745320294101266, 1687789970.0000968, 180.0, -23.39981931137351, 88.57574462890625, 15.623072624206543, -40.5011, 0.07521175, -5.0438824, 1687789969.9090009
42.070455989633494, -88.29319668029923, 4.7419705638631, 1687789971.0001006, 180.0, -33.15200309622262, 110.98155975341797, 15.617912292480469, -40.460087, 0.11969684, -4.683304, 1687789970.909843
42.07045407764604, -88.29319715838876, 4.739924289856795, 1687789972.0001056, 180.0, -30.03753856781654, 113.93070983886719, 15.615344047546387, -40.460087, 0.11969684, -4.683304, 1687789971.81601
42.07045599181685, -88.29319663775071, 4.739844150432222, 1687789973.0001101, 180.0, -30.03753856781654, 104.05509185791016, 15.616872787475586, -40.460087, 0.11969684, -4.683304, 1687789971.81601
42.070451062584496, -88.29319454446784, 4.743422993731098, 1687789974.000114, 180.0, -50.55338117949118, 75.20849609375, 15.619024276733398, -40.826126, 0.15364283, -3.664694, 1687789973.879353
42.07044844935363, -88.29319144014288, 4.740495828139404, 1687789975.0001187, 180.0, -59.99231716245569, 97.70933532714844, 15.62949275970459, -40.97341, 0.05534195, -3.5801466, 1687789974.0875
42.07044939941659, -88.29319178552056, 4.741957293141733, 1687789976.0001225, 180.0, -86.68533253128768, 97.37395477294922, 15.631183624267578, -41.145527, -0.23207352, -3.6486, 1687789975.980896
42.07044972746099, -88.29319139114943, 4.745853236055037, 1687789977.0001264, 180.0, -86.21940997917967, 98.37837982177734, 15.623615264892578, -41.14325, -0.23204221, -3.6438746, 1687789976.981235
42.07044972746099, -88.29319139114943, 4.74535758266191, 1687789978.0001307, 180.0, -86.28297263363753, 98.37837982177734, 15.623615264892578, -41.151707, -0.23426816, -3.6437879, 1687789978.015084
42.07044972746099, -88.29319139114943, 4.743246375872328, 1687789979.0001354, 180.0, -86.34864991367759, 98.37837982177734, 15.623615264892578, -41.143612, -0.23850401, -3.6392405, 1687789978.982551
42.07044972746099, -88.29319139114943, 4.741750873375524, 1687789980.0001392, 180.0, -86.17387179127859, 98.37837982177734, 15.623615264892578, -41.14041, -0.24363296, -3.6333501, 1687789980.016927
42.07044972746099, -88.29319139114943, 4.746639287409598, 1687789981.0001435, 180.0, -86.24758793489492, 98.37837982177734, 15.623615264892578, -41.138443, -0.24218543, -3.6323013, 1687789981.017562
42.07044972746099, -88.29319139114943, 4.748314486373271, 1687789982.000148, 180.0, -86.37241166477067, 98.37837982177734, 15.623615264892578, -41.138878, -0.24409235, -3.6314712, 1687789981.984987
42.07044972746099, -88.29319139114943, 4.749729612664416, 1687789983.0001516, 180.0, -85.41508367333253, 98.33747863769531, 15.658824920654297, -41.11692, -0.20741074, -3.648825, 1687789982.985849
42.07045856240192, -88.29318847316854, 4.749593366049947, 1687789984.0001564, 180.0, -83.99461310397533, 97.28916931152344, 15.663905143737793, -41.12172, -0.21048109, -3.6364129, 1687789983.9867048
42.070458495099636, -88.29318945766738, 4.74884461901431, 1687789985.0001602, 180.0, -83.48092498134869, 97.28916931152344, 15.663905143737793, -41.12281, -0.21158962, -3.6354852, 1687789984.9874902
42.07045853938983, -88.29318953385709, 4.74884474880206, 1687789986.000165, 180.0, -82.4860840702505, 95.19702911376953, 15.676491737365723, -41.1277, -0.21281554, -3.631746, 1687789985.9881759
42.07045853938983, -88.29318953385709, 4.748753908252119, 1687789987.000168, 180.0, -82.85356117577618, 96.19892120361328, 15.684614181518555, -41.130226, -0.22170699, -3.6328008, 1687789986.9889789
42.07045853938983, -88.29318953385709, 4.748701039030076, 1687789988.0001721, 180.0, -82.94718590820383, 96.19892120361328, 15.684614181518555, -41.131256, -0.22294833, -3.6324167, 1687789987.989954
42.07045853938983, -88.29318953385709, 4.749596921447023, 1687789989.0001764, 180.0, -82.58838116136926, 96.19892120361328, 15.684614181518555, -41.1309, -0.22254851, -3.6319914, 1687789988.990584
42.07045853938983, -88.29318953385709, 4.749766910706013, 1687789990.0001805, 180.0, -82.65179199935035, 96.19892120361328, 15.684614181518555, -41.130863, -0.22249761, -3.6318214, 1687789989.991211
42.07045853938983, -88.29318953385709, 4.7500520892837494, 1687789991.000185, 180.0, -83.06350829872858, 96.19892120361328, 15.684614181518555, -41.132378, -0.2246422, -3.6304133, 1687789990.992196
42.07045853938983, -88.29318953385709, 4.7485209377891255, 1687789992.0001888, 180.0, -83.00226336989341, 96.19892120361328, 15.684614181518555, -41.131348, -0.22357778, -3.6314573, 1687789991.99305
42.07045853938983, -88.29318953385709, 4.748917510934728, 1687789993.000193, 180.0, -82.96977604396423, 96.19892120361328, 15.684614181518555, -41.129864, -0.22214326, -3.6313703, 1687789992.9938521
42.07045853938983, -88.29318953385709, 4.7501970531449835, 1687789994.000198, 180.0, -83.12444280427025, 96.19892120361328, 15.684614181518555, -41.131557, -0.22404033, -3.631437, 1687789993.994588
42.07045853938983, -88.29318953385709, 4.748625341642028, 1687789995.0002012, 180.0, -83.16814810163753, 96.19892120361328, 15.684614181518555, -41.13246, -0.22483903, -3.6311443, 1687789994.995407
42.07045853938983, -88.29318953385709, 4.748230552534807, 1687789996.0002046, 180.0, -82.97231166741433, 96.19892120361328, 15.684614181518555, -41.131058, -0.22330457, -3.630994, 1687789995.9961119
42.07045853938983, -88.29318953385709, 4.749188577482554, 1687789997.0002098, 180.0, -83.11168838184449, 96.19892120361328, 15.684614181518555, -41.131893, -0.22428295, -3.6313472, 1687789996.9968948
42.07045853938983, -88.29318953385709, 4.749361988660228, 1687789998.0002131, 180.0, -83.21080002832483, 96.19892120361328, 15.684614181518555, -41.132183, -0.22458118, -3.6313918, 1687789997.99776
42.07045853938983, -88.29318953385709, 4.749315537691915, 1687789999.000218, 180.0, -83.1008491316811, 96.19892120361328, 15.684614181518555, -41.132397, -0.2247785, -3.631284, 1687789998.998575
42.07045853938983, -88.29318953385709, 4.749353989878853, 1687790000.0002213, 180.0, -83.09567760771756, 96.19892120361328, 15.684614181518555, -41.13121, -0.22358681, -3.6314762, 1687789999.999264
42.07045853938983, -88.29318953385709, 4.74848681866799, 1687790001.0002255, 180.0, -83.26145013296961, 96.19892120361328, 15.684614181518555, -41.13259, -0.22505641, -3.631761, 1687790000.9999971
42.07045853938983, -88.29318953385709, 4.748978852358669, 1687790002.0002298, 180.0, -74.6790816848471, 85.69145965576172, 15.785672187805176, -41.1073, -0.19767505, -3.6299841, 1687790002.001014
42.070463885660416, -88.29318392189677, 4.747443032277163, 1687790003.0002341, 180.0, -55.810677364810964, 36.55820083618164, 15.796438217163086, -40.731514, 0.017301925, -3.5944643, 1687790002.9779902
42.07046560603659, -88.2931844507267, 4.745213838024895, 1687790004.000238, 180.0, -47.79176048066582, 18.921154022216797, 15.784278869628906, -40.692944, -0.004362218, -3.4411209, 1687790003.969781
42.07046257269701, -88.29318323224378, 4.750919846591396, 1687790005.0002418, 180.0, 269.60829516005543, 54.033390045166016, 15.787739753723145, -41.017765, -0.18207309, -3.5140383, 1687790004.978534
42.070464712530026, -88.29318406790614, 4.756899919259915, 1687790006.000247, 180.0, 265.4334225269261, 57.515079498291016, 15.792526245117188, -41.054367, -0.24135213, -3.51054, 1687790005.970593
42.07046526319852, -88.29318474372562, 4.758377263905881, 1687790007.0002508, 180.0, 268.44902652061535, 54.38808822631836, 15.775945663452148, -41.043514, -0.21921378, -3.5251427, 1687790006.9719481
42.07046526319852, -88.29318474372562, 4.7508653124671625, 1687790007.9975362, 180.0, 268.51663356060317, 53.27687454223633, 15.774388313293457, -41.039165, -0.21927622, -3.5305614, 1687790007.9725208
42.07046526319852, -88.29318474372562, 4.749836551695236, 1687790008.9974995, 180.0, 269.4905650649969, 54.31742858886719, 15.777436256408691, -41.04044, -0.21461308, -3.532401, 1687790008.9731622
42.07046225473467, -88.29318865851698, 4.751061748349778, 1687790009.997505, 180.0, -89.66724723617936, 53.26877975463867, 15.786128044128418, -41.03604, -0.20955932, -3.5332978, 1687790009.974173
42.07046230170185, -88.29318873931173, 4.751338227961581, 1687790010.9974895, 180.0, -89.1717845554785, 53.26877975463867, 15.786128044128418, -41.03246, -0.20848621, -3.5333853, 1687790010.975089
42.07046230170185, -88.29318873931173, 4.752457515463415, 1687790011.997476, 180.0, -89.78996988265104, 54.470638275146484, 15.797404289245605, -41.035908, -0.21169947, -3.533649, 1687790011.975507
42.07046230170185, -88.29318873931173, 4.752750628574749, 1687790012.997502, 180.0, -83.44834422261384, 51.242835998535156, 15.803564071655273, -41.01866, -0.18006356, -3.5351799, 1687790012.976603
42.07046230170185, -88.29318873931173, 4.75220022009712, 1687790013.9975166, 180.0, -88.38739126681351, 53.445133209228516, 15.810012817382812, -41.02998, -0.19765215, -3.534176, 1687790013.977421
42.07046230170185, -88.29318873931173, 4.752386615741002, 1687790014.9975262, 180.0, -89.68560309804104, 54.49017333984375, 15.810900688171387, -41.036, -0.20593221, -3.5352266, 1687790014.978246
42.07046230170185, -88.29318873931173, 4.751328874398184, 1687790015.9975777, 180.0, -89.39930656861478, 53.4859733581543, 15.816488265991211, -41.03341, -0.20446554, -3.536817, 1687790015.9792461
42.07046230170185, -88.29318873931173, 4.751991973775763, 1687790016.9976046, 180.0, -89.0861987680814, 53.4859733581543, 15.816488265991211, -41.031532, -0.2015245, -3.5377557, 1687790016.9798388
42.07046230170185, -88.29318873931173, 4.751841639369761, 1687790017.9976335, 180.0, -87.93634309176983, 52.452049255371094, 15.827696800231934, -41.027874, -0.19969133, -3.535876, 1687790017.980946
42.07046230170185, -88.29318873931173, 4.750571584752242, 1687790018.997704, 180.0, -88.13308518165019, 52.452049255371094, 15.827696800231934, -41.02822, -0.19914177, -3.5371373, 1687790019.014975
42.07046230170185, -88.29318873931173, 4.751288904442904, 1687790019.997736, 180.0, -88.2874646847036, 52.452049255371094, 15.827696800231934, -41.026775, -0.19841745, -3.54083, 1687790020.015884
42.07046230170185, -88.29318873931173, 4.7510693686910725, 1687790020.9977658, 180.0, -88.19874865449056, 52.452049255371094, 15.827696800231934, -41.027134, -0.19937868, -3.5395033, 1687790020.9836779
42.07046230170185, -88.29318873931173, 4.749963475389203, 1687790021.9978395, 180.0, -88.07550683508208, 52.452049255371094, 15.827696800231934, -41.025856, -0.19664615, -3.5408828, 1687790021.984451
42.07046230170185, -88.29318873931173, 4.750499593723423, 1687790022.997915, 180.0, -87.62344636903933, 52.452049255371094, 15.827696800231934, -41.023827, -0.19505425, -3.5420713, 1687790022.985188
42.07046230170185, -88.29318873931173, 4.750263476340638, 1687790023.9979858, 180.0, -87.49410282383815, 51.44295883178711, 15.865546226501465, -41.024715, -0.19713953, -3.5396008, 1687790023.986333
42.07046230170185, -88.29318873931173, 4.748995172926909, 1687790024.9980536, 180.0, -87.72072293937111, 51.44295883178711, 15.865546226501465, -41.02487, -0.1985264, -3.5399876, 1687790024.986917
42.07046230170185, -88.29318873931173, 4.749174707506769, 1687790025.9981158, 180.0, -87.59369306192573, 51.44295883178711, 15.865546226501465, -41.024685, -0.19825079, -3.5400176, 1687790025.9876761
42.07046230170185, -88.29318873931173, 4.7489840174015745, 1687790026.998176, 180.0, -86.94606402928892, 51.44295883178711, 15.865546226501465, -41.02311, -0.19686596, -3.5406492, 1687790026.988494
42.07046230170185, -88.29318873931173, 4.748964237756648, 1687790027.998234, 180.0, -87.16165832374043, 51.44295883178711, 15.865546226501465, -41.023132, -0.19785596, -3.539965, 1687790028.023083
42.07046230170185, -88.29318873931173, 4.749350975462969, 1687790028.9982872, 180.0, -87.23220870725712, 51.44295883178711, 15.865546226501465, -41.022953, -0.19775978, -3.5397205, 1687790028.990216
42.07046230170185, -88.29318873931173, 4.749439663118914, 1687790029.9983382, 180.0, -87.17299309084265, 51.44295883178711, 15.865546226501465, -41.022564, -0.19751917, -3.5398135, 1687790029.9909801
42.07046230170185, -88.29318873931173, 4.748734273310615, 1687790030.9983866, 180.0, -86.8144695443311, 50.441017150878906, 15.903523445129395, -41.02159, -0.1962279, -3.5403988, 1687790030.991859
42.07046230170185, -88.29318873931173, 4.748535497555872, 1687790031.9984322, 180.0, -86.99182826813168, 50.441017150878906, 15.903523445129395, -41.02159, -0.19665796, -3.5400095, 1687790031.992717
42.07046230170185, -88.29318873931173, 4.748475001129143, 1687790032.998476, 180.0, -87.10603714155803, 50.441017150878906, 15.903523445129395, -41.021744, -0.1972534, -3.539981, 1687790032.993575
42.07046230170185, -88.29318873931173, 4.749143862500481, 1687790033.9985175, 180.0, -86.86037664347432, 50.441017150878906, 15.903523445129395, -41.02114, -0.19676313, -3.5403643, 1687790033.994246
42.07046230170185, -88.29318873931173, 4.748526608576834, 1687790034.998556, 180.0, -86.75236848916651, 50.441017150878906, 15.903523445129395, -41.020573, -0.19613266, -3.5403495, 1687790034.995306
42.07046230170185, -88.29318873931173, 4.748729358003747, 1687790035.998594, 180.0, -86.90392680376839, 50.441017150878906, 15.903523445129395, -41.02093, -0.19668542, -3.539823, 1687790035.9961019
42.07046230170185, -88.29318873931173, 4.7486662917390285, 1687790036.9986296, 180.0, -86.99446278574047, 50.441017150878906, 15.903523445129395, -41.020954, -0.19723772, -3.539438, 1687790037.030198
42.07046230170185, -88.29318873931173, 4.74819814279816, 1687790037.9986641, 180.0, -86.68045313844286, 50.441017150878906, 15.903523445129395, -41.020416, -0.19688915, -3.5398073, 1687790037.997587
42.07046230170185, -88.29318873931173, 4.747683459671549, 1687790038.9986959, 180.0, -86.46870856343247, 50.441017150878906, 15.903523445129395, -41.018894, -0.19565421, -3.5404634, 1687790039.032071
42.07046230170185, -88.29318873931173, 4.748080822574068, 1687790039.998727, 180.0, -86.07341142703336, 50.441017150878906, 15.903523445129395, -41.015278, -0.1898244, -3.5437071, 1687790039.999504
42.07046230170185, -88.29318873931173, 4.746423433553201, 1687790040.9987564, 180.0, -86.37175844232259, 50.441017150878906, 15.903523445129395, -41.015667, -0.1879058, -3.5456407, 1687790041.03372
42.07046230170185, -88.29318873931173, 4.746576514359756, 1687790041.998785, 180.0, -86.0289852348988, 50.441017150878906, 15.903523445129395, -41.014225, -0.1878447, -3.546004, 1687790042.001112
42.07046230170185, -88.29318873931173, 4.74676510984213, 1687790042.9988122, 180.0, -86.12374237030869, 50.441017150878906, 15.903523445129395, -41.013927, -0.18793714, -3.5459888, 1687790043.0019488
42.07046230170185, -88.29318873931173, 4.746645608586358, 1687790043.9988382, 180.0, -86.15173738353582, 50.441017150878906, 15.903523445129395, -41.014244, -0.18759656, -3.545911, 1687790044.036257
42.07046230170185, -88.29318873931173, 4.746201931688268, 1687790044.9988623, 180.0, -85.89386557482707, 50.441017150878906, 15.903523445129395, -41.013443, -0.18744375, -3.5457928, 1687790045.036906
42.07046230170185, -88.29318873931173, 4.745946733057272, 1687790045.9988863, 180.0, -85.77596735958872, 50.441017150878906, 15.903523445129395, -41.01293, -0.18723787, -3.5456796, 1687790046.038002
42.07046230170185, -88.29318873931173, 4.746073196712512, 1687790046.998909, 180.0, -85.62819022268748, 49.394805908203125, 15.986896514892578, -41.012276, -0.18659505, -3.5448852, 1687790047.038737
42.07046230170185, -88.29318873931173, 4.746196511222019, 1687790047.9989314, 180.0, -85.43384647581462, 49.394805908203125, 15.986896514892578, -41.012028, -0.18663353, -3.5444202, 1687790048.039452
42.07045879317284, -88.2931970013754, 4.746317037870531, 1687790048.998952, 180.0, -85.52815742960527, 49.394805908203125, 15.986896514892578, -41.01077, -0.1856917, -3.5450406, 1687790049.04021
42.07045879317284, -88.2931970013754, 4.746083894375275, 1687790049.998973, 180.0, -85.28079668152093, 49.394805908203125, 15.986896514892578, -41.009155, -0.18458012, -3.544913, 1687790050.041024
42.07045879317284, -88.2931970013754, 4.745916389204247, 1687790050.998993, 180.0, -85.13698067972213, 49.394805908203125, 15.986896514892578, -41.008358, -0.18391743, -3.5443122, 1687790051.041682
42.07045879317284, -88.2931970013754, 4.7459056673227344, 1687790051.9990113, 180.0, -85.04022471451947, 49.394805908203125, 15.986896514892578, -41.00895, -0.18468684, -3.5436192, 1687790052.042636
42.07045879317284, -88.2931970013754, 4.746460273397341, 1687790052.9990292, 180.0, -85.27489036721887, 49.394805908203125, 15.986896514892578, -41.01046, -0.18570675, -3.5431838, 1687790053.043594
42.07045879317284, -88.2931970013754, 4.745959380471021, 1687790053.9990478, 180.0, -85.09901964322927, 49.394805908203125, 15.986896514892578, -41.009197, -0.18502665, -3.5439713, 1687790054.044491
42.07045879317284, -88.2931970013754, 4.745836936301338, 1687790054.9990647, 180.0, -61.14582770969923, 37.02486801147461, 16.022640228271484, -40.965702, -0.14365152, -3.520531, 1687790054.879243
42.07046054670026, -88.2931961083132, 4.745317300015692, 1687790055.9990816, 180.0, -33.781811670235285, 75.6684799194336, 16.013059616088867, -40.703484, 0.023552584, -3.3430436, 1687790055.871326
42.070461079620195, -88.29319745811318, 4.74340179622469, 1687790056.9990973, 180.0, -34.06151318829466, 91.61802673339844, 15.976238250732422, -40.581886, 0.07094452, -3.2187996, 1687790056.8809462
42.070461001073355, -88.29319449795409, 4.742231082716456, 1687790057.9991128, 180.0, -43.12400285413153, 118.6426773071289, 15.98785400390625, -40.657158, 0.06167343, -2.9235709, 1687790058.01611
42.070460513598874, -88.29319616784647, 4.745424960159014, 1687790058.9991283, 180.0, -76.43430999316222, 162.2147674560547, 16.001266479492188, -40.59259, 0.04180699, -2.8730109, 1687790059.050107
42.07046275428144, -88.29319644894215, 4.75335807951699, 1687790059.9991422, 180.0, -68.81027139097674, 156.23321533203125, 15.990159034729004, -40.65736, 0.22123186, -2.8851268, 1687790060.051392
42.070459943154425, -88.29319211914965, 4.764115003193376, 1687790060.9991572, 180.0, -83.0782928584816, 144.14791870117188, 15.987417221069336, -41.1012, 0.48850018, -2.5561826, 1687790061.050947
42.07045439741253, -88.29319218626104, 4.741682217123701, 1687790061.9991713, 129.49632479911745, -80.83497583477742, 110.7401123046875, 15.99744701385498, -41.34107, 0.4977591, -1.8091905, 1687790062.051642
42.07045843260688, -88.29318997036168, 4.746889014557294, 1687790062.9991846, 180.0, -84.33331295262288, 113.032470703125, 15.976263046264648, -41.16795, 0.43196592, -1.0358456, 1687790062.949295
42.070463164936086, -88.29317884158843, 4.750011815347592, 1687790063.9991984, 180.0, -82.44390556581209, 107.5990219116211, 15.991189002990723, -40.80217, 0.4265234, -0.19973664, 1687790063.853214
42.070466450246165, -88.29317781928007, 4.759625040455051, 1687790064.9992115, 180.0, -85.60731756975441, 113.05644989013672, 15.999505043029785, -40.456482, 0.40790027, 0.57839113, 1687790064.653302
42.07046709011988, -88.29316971957623, 4.757840142538169, 1687790065.999225, 180.0, -85.60731756975441, 117.13685607910156, 16.010284423828125, -40.456482, 0.40790027, 0.57839113, 1687790064.653302
42.07047168056612, -88.29316589821748, 4.75953224893227, 1687790066.9992375, 180.0, -85.70587350694869, 109.12931823730469, 16.01982879638672, -40.456482, 0.40790027, 0.57839113, 1687790066.14185
42.070480201661105, -88.293160175309, 4.765998630256216, 1687790067.99925, 180.0, -85.22943224959691, 123.75104522705078, 16.029987335205078, -40.456482, 0.40790027, 0.57839113, 1687790067.643207
42.070486914678746, -88.29315583800417, 4.772999144420798, 1687790068.9992616, 180.0, -85.65402730773964, 137.92977905273438, 16.036911010742188, -39.03553, 0.47209165, 4.083085, 1687790069.0225282
42.07049046901499, -88.29315387999742, 4.777167762447923, 1687790069.9992738, 180.0, -85.86324722685764, 154.14842224121094, 16.047611236572266, -39.106255, 0.44667375, 4.788414, 1687790069.964099
42.07049867825581, -88.29315364101089, 4.750769142898524, 1687790070.9992857, 180.0, -87.65423981654766, 131.38265991210938, 16.056129455566406, -39.18687, 0.42127168, 5.312122, 1687790070.556902
42.07050325905224, -88.29315244742415, 4.7462788886693055, 1687790071.9992967, 180.0, -83.65439669455353, 126.43803405761719, 16.064313888549805, -39.18687, 0.42127168, 5.312122, 1687790071.096
42.0705036447416, -88.2931501167191, 4.745908667336863, 1687790072.9993083, 180.0, -87.45222160935192, 149.72543334960938, 16.071226119995117, -39.18687, 0.42127168, 5.312122, 1687790072.597256
42.0705119729559, -88.29314723255048, 4.746198167214432, 1687790073.99932, 180.0, -85.6353112238587, 168.04234313964844, 16.07769775390625, -39.24739, 0.14932068, 8.04356, 1687790073.992844
42.07052057960342, -88.29314769249225, 4.746958291641595, 1687790074.999331, 180.0, -83.84249438162652, 135.56639099121094, 16.08376693725586, -39.336864, 0.14562713, 8.236954, 1687790074.360317
42.07052735930633, -88.29314436042408, 4.743242077812862, 1687790075.999341, 180.0, -77.80324497935285, 130.70513916015625, 16.090194702148438, -39.336864, 0.14562713, 8.236954, 1687790075.449164
42.07052092899403, -88.29314552543265, 4.745674145240036, 1687790076.9993525, 74.2668758065607, -82.60993090018444, 113.92366027832031, 16.094318389892578, -39.336864, 0.14562713, 8.236954, 1687790076.950474
42.070529757744225, -88.29314139755046, 4.748000270341731, 1687790077.999363, 180.0, -82.60993090018444, 89.19668579101562, 16.1020565032959, -39.336864, 0.14562713, 8.236954, 1687790076.950474
42.07053888635772, -88.29313051213614, 4.759066909062075, 1687790078.9993734, 180.0, -77.2464818677802, 81.35751342773438, 16.088579177856445, -39.336864, 0.14562713, 8.236954, 1687790078.451875
42.07054319194035, -88.29312747028474, 4.783066336291065, 1687790079.9993834, 180.0, -81.31390350187252, 83.67549133300781, 16.08184242248535, -39.910534, 0.21603188, 9.930786, 1687790080.06444
42.070543868253274, -88.29312357095301, 4.7868377367421004, 1687790080.9993937, 180.0, -81.44356547046904, 84.69065856933594, 16.080419540405273, -40.065674, 0.2454873, 9.84832, 1687790081.031874
42.07054177816934, -88.29311939211979, 4.774935733372371, 1687790081.9994044, 180.0, -81.27916727936778, 85.76016998291016, 16.076053619384766, -40.37218, 0.09396655, 9.88644, 1687790081.99931
42.070548085565825, -88.29311673409471, 4.776726808628748, 1687790082.999414, 180.0, -81.22712439865634, 93.68428039550781, 16.066993713378906, -40.618343, 0.058669783, 9.869243, 1687790083.000104
42.070550282207826, -88.29311368973944, 4.781893499311338, 1687790083.999425, 180.0, -82.35437040799233, 95.81346130371094, 16.06610107421875, -40.911766, 0.012239262, 9.868939, 1687790084.000812
42.07054999282974, -88.2931118363407, 4.785713088307332, 1687790084.999434, 180.0, -84.70773229360825, 86.55713653564453, 16.06949234008789, -40.025, 0.27387777, 9.877621, 1687790085.0356889
42.07054686831723, -88.29310755926049, 4.801286104461618, 1687790085.9994442, 180.0, -84.52365836467186, 84.40757751464844, 16.061494827270508, -39.89259, 0.3132929, 9.878554, 1687790086.036593
42.070545970011416, -88.2931058219788, 4.7942715912599825, 1687790086.9994543, 180.0, -82.21468048872676, 85.71605682373047, 16.069990158081055, -39.522015, 0.29393047, 9.907444, 1687790087.037291
42.07054534071548, -88.29309842895886, 4.791245077664995, 1687790087.999463, 180.0, -86.88116228566088, 116.63818359375, 16.08552360534668, -39.190388, 0.23405242, 10.167851, 1687790087.837912
42.07055908815316, -88.29309971656579, 4.791651910122886, 1687790088.9994736, 180.0, -86.00897654926466, 119.88554382324219, 16.098310470581055, -38.891594, 0.027151547, 10.825777, 1687790088.838943
42.07056315331003, -88.2931023599697, 4.788612174585182, 1687790089.9994826, 180.0, -87.8122392227966, 116.01006317138672, 16.05530548095703, -38.6731, -0.16592829, 11.422343, 1687790089.887814
42.07056578276837, -88.29309766232721, 4.781203420570145, 1687790090.999493, 180.0, -84.31318530783724, 69.42289733886719, 16.005794525146484, -37.984543, -0.29007065, 12.201882, 1687790090.9088259
42.070566480810626, -88.29310375539377, 4.765984373479689, 1687790091.9995017, 180.0, -84.34530159024517, 35.44868087768555, 15.964699745178223, -36.75108, -0.29552767, 12.534168, 1687790091.9097362
42.0705779868504, -88.29311840536825, 4.761906214738708, 1687790092.9995117, 180.0, -82.90035132000199, 25.138246536254883, 15.933736801147461, -35.923977, -0.3012758, 12.43019, 1687790092.542304
42.07058415643549, -88.29312435383747, 4.755501858131833, 1687790093.9995217, 177.70696456141042, -85.66383557706668, 25.874052047729492, 15.9097318649292, -34.281155, -0.29787627, 11.625725, 1687790093.984129
42.07059746682859, -88.29313953162135, 4.750202313528102, 1687790094.9995298, 101.60812827509487, -84.51318871042137, 32.352699279785156, 15.908186912536621, -33.355377, -0.2755397, 11.097821, 1687790095.008126
42.070600767274215, -88.29315046261938, 4.751051529176485, 1687790095.9995391, 99.86516862384526, -81.69767035549376, 33.143314361572266, 15.902475357055664, -32.24992, -0.22361058, 10.612201, 1687790095.9993
42.07060313523961, -88.29316754992323, 4.749553946581895, 1687790096.999549, 65.64311586266747, -82.42830164159581, 33.8386116027832, 15.886940002441406, -31.022614, -0.21431059, 10.188584, 1687790096.9870071
42.070602931744446, -88.29317817372826, 4.739031720809905, 1687790097.9995584, 64.3610127957672, -83.14140720069437, 34.39196014404297, 15.869762420654297, -29.851168, -0.2269392, 9.765093, 1687790097.989603
42.07060571025815, -88.293186234133, 4.7372219550961, 1687790098.9995675, 64.39550586660778, -84.78939520347349, 37.173954010009766, 15.858898162841797, -28.730566, -0.22067574, 9.287919, 1687790099.0518088
42.07061019965216, -88.29319479191639, 4.735565995733021, 1687790099.9995766, 71.75307371728113, -82.13098651953574, 44.8382453918457, 15.86729621887207, -27.573116, -0.15310167, 8.886866, 1687790100.052599
42.07061489632425, -88.29321111376376, 4.735676489035696, 1687790100.9995866, 49.41766304965332, -83.62774866328215, 45.6503791809082, 15.86480712890625, -26.485933, -0.17108311, 8.61319, 1687790100.9032989
42.07061731815858, -88.29323546370303, 4.736592595745417, 1687790101.9995952, 28.999044273041182, -84.34370080160006, 47.58463668823242, 15.869270324707031, -25.098509, -0.15823703, 8.255016, 1687790102.136619
42.0706224536606, -88.2932575335448, 4.73888192203392, 1687790102.9996045, 31.30181161231407, -85.16615780458415, 50.525943756103516, 15.878371238708496, -23.896578, -0.14204076, 8.11745, 1687790103.0218391
42.07062859047571, -88.29327442013039, 4.7421578875095, 1687790103.9996138, 34.151567375214036, -84.35666255106929, 44.05976486206055, 15.887290000915527, -22.890793, -0.12185236, 7.991019, 1687790103.798615
42.07063498126473, -88.29328786548784, 4.743273590300683, 1687790104.9996219, 37.78161501151612, -83.06419328726575, 43.72673034667969, 15.896949768066406, -21.457375, -0.116356544, 7.762472, 1687790105.01295
42.07063991934305, -88.29330025248078, 4.743236686393208, 1687790105.999631, 45.66154436308886, -86.06503037266779, 46.94144821166992, 15.90427303314209, -20.357433, -0.12548451, 7.515678, 1687790105.9262218
42.0706433846701, -88.29331431600563, 4.743673123689451, 1687790106.9996397, 51.586887550460546, -84.78416073088371, 53.623504638671875, 15.912617683410645, -18.868227, -0.13484298, 7.3850217, 1687790107.066639
42.07064602920917, -88.29333048306536, 4.739192178910453, 1687790107.9996488, 48.085696632509496, -81.92462489421054, 49.05479431152344, 15.922757148742676, -17.678495, -0.06792015, 7.2868633, 1687790108.024187
42.07065163985604, -88.29334638905158, 4.741189810058731, 1687790108.999658, 42.4712166633323, -83.41017057759277, 58.62916564941406, 15.930569648742676, -16.42293, -0.08308544, 7.2222967, 1687790109.129313
42.070650937980524, -88.29337115485566, 4.741136542824584, 1687790109.9996676, 31.45764457501965, -83.08522574853349, 54.36845779418945, 15.937283515930176, -15.376394, -0.08110602, 7.2544775, 1687790109.864527
42.070653142091075, -88.2933826669887, 4.741207734307912, 1687790110.9996765, 44.82460967052336, -84.40048660078268, 54.33008575439453, 15.945157051086426, -13.983021, -0.084462, 7.2697287, 1687790111.031502
42.07066067647525, -88.2933822309156, 4.740295916495251, 1687790111.9996848, 65.65262439896848, -83.23143121271676, 40.41858673095703, 15.95228099822998, -12.612438, -0.06552733, 7.1514673, 1687790112.016221
42.07066107603739, -88.29338193111806, 4.740351622309382, 1687790112.9996934, -1.0, -83.06199447665041, 29.894672393798828, 15.959220886230469, -11.975774, -0.030350324, 6.924122, 1687790112.56877
42.07065755809626, -88.29337808396139, 4.743674603146857, 1687790113.9997025, -1.0, -83.06199447665041, 29.40545654296875, 15.965178489685059, -11.975774, -0.030350324, 6.924122, 1687790112.56877
42.07065651905405, -88.2933885098797, 4.737722788135873, 1687790114.9997118, -1.0, -83.236207916609, 27.36050033569336, 15.972156524658203, -9.210627, -0.026434904, 5.784149, 1687790114.8156018
42.07065392607054, -88.29340741445132, 4.744846656490554, 1687790115.9997208, 60.55483519713717, -83.52288211021857, 23.823789596557617, 15.979103088378906, -7.8868737, -0.006797866, 5.1865273, 1687790115.966327
42.0706551756844, -88.29344366648643, 4.740119400419577, 1687790116.9997296, 25.482973413616026, -85.68426346309873, 30.693439483642578, 15.986047744750977, -7.048099, -0.04969198, 4.7961397, 1687790116.757841
42.07065639396558, -88.29345914111336, 4.739889179028448, 1687790117.9997382, 29.304037033259632, -84.52889515432892, 32.30317687988281, 15.991730690002441, -5.8440075, -0.059306398, 4.2236004, 1687790117.8162541
42.07065637870493, -88.29348236323945, 4.739792865662068, 1687790118.9997473, 28.952228268771595, -83.78587509558973, 28.720687866210938, 15.99752426147461, -4.4574623, -0.046062414, 3.5975223, 1687790119.017071
42.07065611463587, -88.29349705399278, 4.739116074460387, 1687790119.9997563, 27.489418516219548, -83.02840157649857, 25.714038848876953, 16.003707885742188, -3.3100066, 0.034496162, 3.050879, 1687790120.069497
42.07065616470344, -88.29351682451022, 4.73985575306429, 1687790120.9997644, 30.347446021581028, -82.40642008611584, 22.215566635131836, 16.008834838867188, -2.3613997, 0.046272095, 2.5392864, 1687790120.994214
42.070655558564276, -88.29353958655794, 4.739634483743986, 1687790121.999774, 28.289198115320822, -85.4198900136099, 25.38353157043457, 16.014928817749023, -1.3194124, 0.0657226, 1.9333886, 1687790122.034858
42.07065339640588, -88.29355027847122, 4.739125011081344, 1687790122.9997826, 27.554886232047206, -87.32815059900128, 35.83856201171875, 16.017467498779297, -0.54050833, 0.1466616, 1.5278683, 1687790122.936326
42.07065358719628, -88.29356311867846, 4.7396929569659365, 1687790123.9997916, 45.12284334056495, -85.86654200635516, 29.12359619140625, 16.0173282623291, 0.14393064, 0.17747936, 1.2616392, 1687790123.823569
42.07065439594202, -88.29357542213332, 4.736641423298809, 1687790124.9998002, 46.764086127621106, 269.1986344176544, 23.523889541625977, 16.017438888549805, 0.73469794, 0.18844132, 0.99746007, 1687790125.0274
42.070654570340274, -88.29357598614486, 4.738356267650651, 1687790125.9998093, 125.06476951945866, -88.28208123283503, 20.082237243652344, 15.983602523803711, 0.7667406, 0.1977884, 1.0111127, 1687790125.920476
42.07065587954083, -88.29357439796662, 4.743731850407672, 1687790126.9998178, 180.0, -87.42933298283036, 16.705280303955078, 15.941690444946289, 0.8093216, 0.19399251, 1.0614959, 1687790126.974035
42.070655872124476, -88.29357983546068, 4.744876203558954, 1687790127.999826, 180.0, -88.39440914537684, 15.653608322143555, 15.910245895385742, 0.7667394, 0.19929014, 1.0179111, 1687790127.9123468
42.070655264135496, -88.29357957918367, 4.745768031792218, 1687790128.999835, 180.0, -87.29033202194948, 12.966842651367188, 15.876666069030762, 0.71390384, 0.20729297, 0.96890664, 1687790128.840822
42.070655462332574, -88.29358372732095, 4.7463592042120695, 1687790129.9998436, 180.0, -62.05873874018011, 321.4447937011719, 15.869067192077637, 0.73603785, 0.27623063, 0.97103244, 1687790129.942453
42.07065492173842, -88.29358632428641, 4.747111973398335, 1687790130.999853, 180.0, -47.47079008406165, 301.7246398925781, 15.840534210205078, 0.7665926, 0.2837205, 0.9190417, 1687790130.922423
42.070654641191844, -88.29358643563066, 4.7472631722455345, 1687790131.9998622, 180.0, -48.38296424073283, 302.7796630859375, 15.794857025146484, 0.7526897, 0.28418338, 0.92640245, 1687790131.8277612
42.07065732885171, -88.29358869540906, 4.749361402307709, 1687790132.9998715, 180.0, -47.99940545239365, 289.4197998046875, 15.774893760681152, 0.8100449, 0.2784995, 0.8994225, 1687790133.027328
42.070654256659836, -88.29359617331262, 4.749157432730837, 1687790133.9967945, 154.9533504079472, -81.11590564266409, 10.395751953125, 15.769158363342285, 0.85770345, 0.24181136, 0.8935579, 1687790133.944782
42.07065564245045, -88.29359630415978, 4.747008787928564, 1687790134.9967659, 180.0, 267.48712031845497, 55.95145034790039, 15.760215759277344, 0.54739463, 0.20935497, 0.863163, 1687790134.879442
